编号	X	Z	Y	头目	重生时间	最小半径	最大半径	宝可梦列表
1	1898	70	3785		300	1	1	013-0+6+8
2	1286	-8	3555		300	1	1	013-0+6+8
3	1819	36	3184		300	1	1	016-0+6+8
4	1813	36	3184		300	1	1	016-0+6+8
5	2005	46	2779		300	1	1	016-0+6+8
6	1871	57	2841		300	1	1	016-0+6+8
7	1425	9	3734		300	1	1	016-0+6+8
8	1455	-3	3116		300	1	1	016-0+6+8
9	1970	8	3448		300	1	1	069-0+10+12
10	1969	8	3630		300	1	1	069-0+10+12
11	1724	16	3086		300	1	2	069-0+10+12
12	1625	70	3740		300	2	3	069-0+10+12
13	1707	16	3065		300	1	1	069-0+10+12
14	1598	26	3788		300	1	2	069-0+10+12
15	1626	26	3796		300	1	2	069-0+10+12
16	1372	96	3436		300	2	3	129-0+11+13
17	1426	71	3684		300	1	1	129-0+11+13
18	1747	70	3769		300	1	1	167-0+11+13
19	1637	70	3102		300	1	1	167-0+11+13
20	1971	8	3482		300	1	1	406-0+11+13
21	1968	8	3499		300	1	1	406-0+11+13
22	1960	18	3245		300	1	2	406-0+11+13
23	1269	16	3237		300	1	2	406-0+11+13
24	1351	9	3693		300	1	1	504-0+12+14
25	1343	9	3717		300	1	1	504-0+12+14
26	1439	62	3606		300	1	1	504-0+12+14
28	1894	70	2847		300	1	1	568-0+12+14
29	1850	61	3160		300	1	1	661-0+6+8
30	1955	3	3001		300	1	1	661-0+6+8
31	1935	3	2982		300	1	1	661-0+6+8
32	1936	-10	2999		300	1	1	661-0+6+8
33	1547	68	3080		300	2	2	661-0+6+8
34	1184	47	3724		300	1	1	661-0+6+8
35	1710	61	3666		300	1	1	661-0+6+8
36	1345	54	3062		300	1	1	661-0+6+8
37	1796	59	2943		300	1	1	661-0+6+8
38	1585	-5	3274		300	1	1	661-0+6+8
39	1816	1	3664		300	1	1	661-0+6+8
40	1969	7	3554		300	1	1	669-4+10+12
41	1970	7	3573		300	1	1	669-4+10+12
42	1852	10	3824		300	1	1	669-3+10+12
43	1962	7	3729		300	1	1	669-3+10+12
44	1555	17	3249		300	1	1	702-0+16+18+20+26+28+10|504-0+12+14++++90
46	1230	17	3655		300	1	1	017-0+19+21
47	1211	7	3339		300	1	1	018-0+37+39
48	1276	96	3624		300	1	1	664-6+6+8
49	1330	82	3638		300	1	1	665-6+10+12
50	1758	11	2863		300	1	2	353-0+19+21+++++夜
51	1282	64	3307		300	1	2	092-0+15+17+++++夜
52	1356	27	3277		300	1	2	092-0+15+17+++++夜
53	1279	65	3312		300	1	2	092-0+15+17+++++夜
54	1467	76	3445		300	1	2	092-0+15+17+++++夜
55	1276	76	3467		300	1	2	092-0+15+17+++++夜
56	1581	70	3735		300	1	1	280-0+11+13+20+21+23
57	1096	15	3563		300	1	1	511-0+14+17++++33.33|513-0+14+17++++33.33|515-0+14+17++++33.33
58	1052	9	3564		300	1	1	511-0+14+17++++33.33|513-0+14+17++++33.33|515-0+14+17++++33.33
59	1327	62	3542		300	1	1	684-0+17+19++++50|682-0+17+19++++50
60	1404	71	3303		300	1	1	684-0+17+19++++50|682-0+17+19++++50
61	1450	-3	3656		300	1	1	133-0+15+17+++++日+晴
62	1468	18	3222		300	1	1	447-0+16+18+20+26+28++日+晴
63	1921	-5	2865		300	1	1	704-0+35+39+20+45+49+95++阴|705-0+41+42+20+51+52+5++阴
64	1253	96	3602		300	1	1	704-0+35+39+20+45+49+95++阴|705-0+41+42+20+51+52+5++阴
65	1425	95	3185		300	2	2	704-0+35+39+20+45+49+95++阴|705-0+41+42+20+51+52+5++阴
66	1969	8	3533		300	1	1	704-0+35+39+20+45+49+95++阴|705-0+41+42+20+51+52+5++阴
67	1909	13	3090		300	1	1	701-0+22+24+20+32+34+10|016-0+6+8++++90
68	1260	95	3387		300	1	1	168-0+23+25
69	1907	101	2743		300	1	1	168-0+23+25
70	1762	9	3624		300	1	1	225-0+31+33
71	1795	7	3724		300	1	1	246-0+21+23+20+31+33
72	1395	-5	3671		300	1	1	333-0+16+18++++10++晴|016-0+6+8++++90++晴
73	1425	96	3181		300	4	4	688-0+14+16
74	1419	96	3190		300	1	2	688-0+14+16
75	1432	96	3176		300	1	1	688-0+14+16
76	1895	66	3054		300	2	2	427-0+16+18++++50
77	1899	66	3049		300	1	1	659-0+14+16++++50
78	900	46	3248		300	1	1	016-0+6+9
79	1091	54	2862		300	1	1	016-0+6+9
80	384	47	2955		300	1	1	016-0+6+9
81	264	47	2688		300	1	1	016-0+6+9
82	881	18	2842		300	1	1	069-0+10+13
83	839	18	2898		300	1	1	069-0+10+13
84	747	0	3033		300	1	1	406-0+11+14
85	713	0	3073		300	1	1	406-0+11+14
86	681	0	3113		300	1	1	406-0+11+14
87	1112	-43	2439		300	1	1	406-0+11+14
88	1094	70	2397		300	1	1	406-0+11+14
89	1005	15	3169		300	1	1	504-0+12+15
90	1058	65	3201		300	1	1	504-0+12+15
91	1072	65	3200		300	1	1	504-0+12+15
92	1152	-51	2655		300	1	1	661-0+6+9
93	967	10	2723		300	1	1	661-0+6+9
94	985	10	2717		300	1	1	661-0+6+9
95	784	47	2497		300	1	1	661-0+6+9
96	1316	56	2347		300	1	1	661-0+6+9
97	951	64	2885		300	3	3	661-0+6+9
98	1071	31	2617		300	1	1	661-0+6+9
99	1112	-39	2685		300	1	1	669-4+10+13|670-4+20+23
100	1122	64	3249		300	1	1	669-2+10+13
101	1074	-44	2496		300	1	1	702-0+16+19+20+26+29+50|661-0+6+9++++50
102	1007	19	3066		300	1	1	702-0+16+19+20+26+29+50|661-0+6+9++++50
103	1203	1	2824		300	1	1	173-0+11+14
104	1294	-33	2401		300	1	2	664-6+6+9|666-6+13+16
105	1295	-33	2401		300	1	1	665-6+10+13
107	974	16	3352		300	1	1	659-0+12+15
108	948	16	3395		300	1	1	659-0+12+15
109	1213	0	2957		300	1	1	659-0+12+15
110	1049	-26	2572		300	1	1	677-0+13+16
112	919	54	2645		300	1	1	092-0+15+18+++++夜
113	1217	65	2477		300	1	1	092-0+15+18+++++夜
114	867	65	3084		300	1	1	092-0+15+18+++++夜
115	739	65	3207		300	1	1	092-0+15+18+++++夜
116	915	-16	2546		300	1	1	359-0+17+20+20+27+30
117	1031	0	2917	1	300	1	1	511-0+24+27+100+24+27+33.33|513-0+24+27+100+24+27+33.33|515-0+24+27+100+24+27+33.33
118	873	59	3617		300	1	1	684-0+17+20++++50|682-0+17+20++++50
119	1150	57	2995		300	1	1	684-0+17+20
120	1153	68	2992		300	2	2	684-0+17+20
121	1149	69	3019		300	2	3	684-0+17+20
122	1045	15	3263		300	1	1	303-0+19+22++++50+夜|092-0+15+18++++50+夜
123	532	9	3023		300	1	1	147-0+28+29+20+38+39+95|148-0+31+33+20+41+43+5
124	637	75	3016		300	1	1	704-0+35+39+20+45+49+95++阴|705-0+41+43+20+51+53+5++阴
125	1227	-9	3068		300	1	1	701-0+22+25+20+32+35+50|016-0+6+9++++50
126	1257	3	2622		300	1	1	701-0+22+25+20+32+35+9.52|016-0+6+9++++90.48
127	897	9	3043		300	1	1	559-0+21+24
128	947	7	3473		300	1	1	333-0+16+19++++10++晴|661-0+6+9++++90++晴
129	644	75	3017		300	4	5	120-0+17+19
130	3101	52	1415		300	1	1	013-0+7+9
131	2505	61	1747		300	1	1	013-0+7+9
132	2753	-5	1181		300	1	1	016-0+7+9
133	2956	29	1071		300	1	1	016-0+7+9
134	3101	-15	1069		300	1	1	016-0+7+9
135	2505	49	1713		300	1	1	016-0+7+9
136	2697	24	1786		300	1	1	016-0+7+9
137	2704	18	1838		300	1	1	016-0+7+9
138	2617	-31	1372		300	1	1	016-0+7+9
139	2666	-38	1422		300	1	2	016-0+7+9++++50|017-0+20+22++++50
140	2731	61	1291		300	1	1	016-0+7+9
141	2941	64	923		300	1	1	016-0+7+9
142	2714	24	1834		300	1	1	016-0+7+9
143	2670	49	1823		300	2	3	016-0+7+9
144	2404	75	1778		300	2	2	016-0+7+9
145	2651	-24	1395		300	2	2	016-0+7+9++++50|017-0+20+22++++50
146	3592	8	1107		300	1	1	069-0+11+13
147	3569	7	1071		300	1	1	069-0+11+13
148	3169	-8	864		300	1	1	069-0+11+13
149	3232	-8	883		300	1	1	069-0+11+13
150	2970	52	1418		300	1	1	167-0+12+14
151	3518	8	1110		300	1	1	406-0+12+14
152	3542	8	1089		300	1	1	406-0+12+14
153	2803	2	1171		300	1	1	406-0+12+14
154	3088	-1	982		300	1	1	406-0+12+14
155	3124	-1	1063		300	1	1	406-0+12+14
156	2995	-1	854		300	1	1	406-0+12+14
157	3482	29	1440		300	1	1	504-0+13+15
158	3501	29	1491		300	1	1	504-0+13+15
159	3192	57	1077		300	1	1	504-0+13+15
160	2664	52	1682		300	1	1	568-0+13+15
161	3499	29	1469		300	1	1	568-0+13+15
162	3163	29	1524		300	1	1	568-0+23+25
163	3146	28	1442		300	1	1	568-0+23+25
164	3132	29	1539	1	300	1	1	569-0+38+40+100+38+40
165	3167	76	1036		300	1	1	569-0+36+38
166	3158	76	1000		300	2	2	568-0+13+15
167	3157	72	1012		300	1	1	568-0+13+15
168	3205	-22	844		300	1	1	661-0+7+9
169	2943	61	1197		300	1	1	661-0+7+9
170	3080	-1	1041		300	1	1	661-0+7+9
171	3080	-1	1060		300	1	1	661-0+7+9
172	3652	53	1491		300	2	3	661-0+7+9
173	3312	55	946		300	1	1	661-0+7+9
174	2528	-35	1491		300	1	1	661-0+7+9
175	3545	46	947		300	1	1	661-0+7+9
176	3420	-6	1555		300	1	1	661-0+7+9
177	3596	38	1508		300	2	3	661-0+7+9
178	3562	28	1522		300	2	3	661-0+7+9
179	3194	-27	1327		300	1	1	669-1+11+13
180	3149	-27	1343		300	1	1	669-1+11+13
181	3035	2	1308		300	1	1	669-3+11+13
182	3013	2	1316		300	1	1	669-0+11+13
183	2621	-26	1740	1	300	1	1	669-1+21+23+100+21+23+33.33|669-2+21+23+100+21+23+33.33|669-3+21+23+100+21+23+33.33
184	2885	-7	1330		300	1	1	702-0+17+19+20+27+29+10|504-0+13+15++++90
185	3104	52	1375		300	1	1	014-0+9+11
186	2630	-38	1431	1	300	1	1	018-0+40+42+100+40+42
187	2583	-35	1558		300	1	1	023-0+13+15
188	2954	75	1300		300	1	1	664-6+7+9
189	2933	-22	1484		300	1	1	664-6+7+9++++60|665-6+11+13++++30|666-6+14+16++++10
190	2896	-22	1494		300	1	1	664-6+7+9++++60|665-6+11+13++++30|666-6+14+16++++10
191	2910	-22	1472		300	1	1	665-6+11+13++++60|666-6+14+16++++30|664-6+7+9++++10
192	2914	-22	1486		300	1	1	666-6+14+16++++60|665-6+11+13++++30|664-6+7+9++++10
193	2964	76	1062		300	1	1	659-0+13+15
194	3720	2	1366		300	1	1	662-0+19+21
195	3170	-27	1335		300	1	1	670-1+21+23
196	2865	52	1455		300	2	2	063-0+19+21
197	2782	76	1274		300	1	1	092-0+16+18+++++夜
198	2780	76	1363		300	1	1	092-0+16+18+++++夜
199	2804	1	1171		300	1	1	092-0+16+18+++++夜
200	3032	67	1072		300	1	1	092-0+16+18+++++夜
201	2726	76	1369		300	1	1	093-0+27+29+++++夜
202	3307	-34	1482		300	1	1	359-0+17+20+20+27+30
203	3211	-43	1463		300	1	1	511-0+15+17
204	2790	72	1343		300	1	1	511-0+15+17++++33.33|513-0+15+17++++33.33|515-0+15+17++++33.33
205	2788	72	1272		300	1	1	511-0+15+17++++33.33|513-0+15+17++++33.33|515-0+15+17++++33.33
206	2732	72	1325		300	1	1	511-0+15+17++++33.33|513-0+15+17++++33.33|515-0+15+17++++33.33
207	3117	-34	1384		300	1	1	513-0+15+17
208	3437	-30	1483		300	1	1	515-0+15+17
209	3356	-4	864		300	1	1	133-0+16+18+++++日+晴
210	3069	-25	1431		300	1	1	147-0+28+29+20+38+39++日+晴
211	2705	-26	1721		300	1	1	147-0+28+29+20+38+39+95|148-0+32+33+20+42+43+5
212	3272	-1	984		300	1	1	701-0+23+25+20+33+35+50|016-0+7+9++++50
213	2722	-26	1657		300	1	1	701-0+23+25+20+33+35+10|016-0+7+9++++90
214	2993	-11	1271		300	1	1	333-0+17+19++++10++晴|661-0+7+9++++90++晴
215	3824	-12	1804		300	1	1	013-0+6+9
216	3755	-13	1809		300	1	1	013-0+6+9
217	2907	51	2081		300	1	1	013-0+6+9
218	3216	37	2172		300	1	1	016-0+6+9
219	3334	-18	2076		300	1	1	016-0+6+9
220	3487	-51	1860		300	1	1	016-0+6+9
221	3853	47	1494		300	1	1	016-0+6+9
222	3726	29	1529		300	1	1	016-0+6+9
223	2529	9	1979		300	1	1	016-0+6+9
224	2703	-35	1875		300	1	1	016-0+6+9
225	2507	10	2003		300	1	1	069-0+10+13
226	3713	53	2043		300	1	1	069-0+10+13
227	3718	51	1953		300	1	1	069-0+10+13
228	3288	99	2444		300	1	1	129-0+11+14
229	3398	99	2496		300	1	1	129-0+11+14
230	3555	99	2523		300	1	1	129-0+11+14
231	3139	99	2339		300	1	1	129-0+11+14
232	2782	99	2243		300	1	1	129-0+11+14
233	2716	99	2215		300	1	1	129-0+11+14
234	3164	99	2245		300	1	1	129-0+11+14
235	3702	97	2523		300	1	1	129-0+11+14
236	2962	-23	1989		300	1	1	167-0+11+14
237	3012	-23	1949		300	1	1	167-0+11+14
238	2844	-9	2119		300	1	1	406-0+11+14
239	2861	-8	2144		300	1	1	406-0+11+14
240	3393	6	2156		300	1	1	406-0+11+14
241	3468	5	2224		300	1	1	406-0+11+14
242	3495	-28	1824		300	1	1	406-0+11+14
243	3471	-28	1891		300	1	1	406-0+11+14
244	3562	-40	1631		300	1	1	406-0+11+14
245	3359	4	2101		300	1	1	406-0+11+14
246	3521	5	1644		300	1	1	504-0+12+15
247	3542	5	1705		300	1	1	504-0+12+15
248	3762	76	1536		300	1	1	568-0+12+15
249	3809	75	1828		300	1	1	568-0+12+15
250	3707	37	1649		300	1	1	661-0+6+9
251	3477	-61	2114		300	1	1	661-0+6+9
252	3489	-61	2139		300	1	1	661-0+6+9
253	3100	-32	1877		300	1	1	661-0+6+9
254	3128	-46	1908		300	1	1	661-0+6+9
255	2792	53	2150		300	1	1	661-0+6+9
256	2736	29	1961		300	1	1	661-0+6+9
257	2973	-23	1958		300	1	1	661-0+6+9
258	3003	-23	2005		300	1	1	661-0+6+9
259	3602	48	2428		300	1	1	661-0+6+9
260	2383	76	2058		300	1	1	661-0+6+9
261	2278	76	1917		300	1	1	661-0+6+9
262	3230	-1	1572		300	1	1	661-0+6+9
263	3232	-1	1571		300	1	1	661-0+6+9
264	2900	-47	1971		300	1	1	669-4+10+13
265	2877	-47	1962		300	1	1	669-2+10+13
266	2867	-47	1994		300	1	1	669-3+10+13
267	3672	44	1832		300	1	1	669-1+10+13
268	3499	-40	2024		300	1	1	669-2+10+13
269	3533	-40	1997		300	1	1	669-1+10+13
270	2724	-21	1887	1	300	1	1	669-0+20+23+100+20+23+50|669-4+20+23+100+20+23+50
271	3834	73	2590		300	1	1	669-0+10+13
272	3844	73	2558		300	1	1	669-1+10+13
273	3606	-47	1735		300	1	1	702-0+16+19+20+26+29+66.67|659-0+13+15++++33.33
274	3692	-50	1910		300	1	1	173-0+11+14
275	2582	65	1984		300	1	1	023-0+12+15
276	2619	65	2001		300	1	1	023-0+12+15
277	3625	6	2015		300	1	1	664-6+6+9
278	3796	-14	2422		300	1	1	664-6+6+9
279	3792	-18	2433		300	1	1	666-6+13+16
280	3642	-73	1615		300	1	1	666-6+13+16
281	3169	-13	2043		300	1	1	659-0+12+15
282	3193	-13	2098		300	1	1	659-0+12+15
283	3242	-4	2251		300	1	1	662-0+18+21
284	2893	-49	2002		300	1	1	670-0+20+23
285	3512	-49	1960		300	1	1	353-0+19+22+++++夜
286	3541	-49	1936		300	1	1	353-0+19+22+++++夜
287	3478	-51	1631		300	1	1	092-0+15+18+++++夜
288	3362	-51	1739		300	1	1	092-0+15+18+++++夜
289	3200	-14	2052		300	1	1	092-0+15+18+++++夜
290	3344	-51	1685		300	1	1	093-0+26+29+++++夜
291	2609	65	1975		300	1	1	093-0+26+29+++++夜
292	3616	-1	2174		300	1	1	093-0+26+29+++++夜
293	3361	-41	2005		300	1	1	511-0+14+17
294	3812	74	1649		300	1	1	511-0+14+17++++33.33|513-0+14+17++++33.33|515-0+14+17++++33.33
295	3807	75	1869		300	1	1	511-0+14+17++++33.33|513-0+14+17++++33.33|515-0+14+17++++33.33
296	3627	-1	2205		300	1	1	511-0+14+17++++33.33|513-0+14+17++++33.33|515-0+14+17++++33.33
297	2536	10	1985		300	3	3	511-0+14+17++++16.67|511-0+14+17++++10|511-0+14+17++++6.67|513-0+14+17++++16.67|513-0+14+17++++10|513-0+14+17++++6.67|515-0+14+17++++16.67|515-0+14+17++++10|515-0+14+17++++6.67
298	3157	-49	1713		300	1	1	513-0+14+17
299	3140	-32	1897		300	1	1	515-0+14+17
300	2544	65	2058		300	1	1	684-0+17+20++++50|682-0+17+20++++50
301	2684	-13	2023		300	1	1	303-0+19+22++++50+夜|353-0+19+22++++50+夜
302	2881	-47	1991		300	1	1	704-0+35+39+20+45+49+95++阴|705-0+41+43+20+51+53+5++阴
303	2886	92	2238		300	1	1	704-0+35+39+20+45+49+95++阴|705-0+41+43+20+51+53+5++阴
304	3647	31	2253		300	1	1	704-0+35+39+20+45+49+95++阴|705-0+41+43+20+51+53+5++阴
305	3161	87	2189		300	1	1	704-0+35+39+20+45+49+95++阴|705-0+41+43+20+51+53+5++阴
306	3004	-12	2198		300	1	1	246-0+21+24+20+31+34
307	259	-1	2005		300	1	1	013-0+7+10
308	871	-7	2018		300	2	2	013-0+7+10
309	211	47	1774		300	1	1	016-0+7+10
310	157	47	2164		300	1	1	016-0+7+10
311	742	61	2422		300	1	1	016-0+7+10
312	565	72	1607		300	1	1	016-0+7+10
313	1236	53	1948		300	1	1	016-0+7+10
314	1129	15	2227		300	1	1	069-0+11+14
315	1081	15	2266		300	1	1	069-0+11+14
316	409	-50	1982		300	1	1	069-0+11+14
317	1030	15	2085		300	1	1	069-0+11+14
318	1033	15	2107		300	1	1	069-0+11+14
319	1075	15	2083		300	1	1	069-0+11+14
320	1516	97	1875		300	1	2	129-0+12+15
321	749	98	1628		300	1	1	129-0+12+15
322	468	96	1536		300	1	1	129-0+12+15
323	1346	-25	2179		300	1	1	406-0+12+15
324	639	64	1818		300	1	2	504-0+13+16
325	544	-1	1802		300	1	1	568-0+13+16
326	832	76	2167		300	1	1	568-0+13+16
327	1558	55	2002		300	1	1	661-0+7+10
328	823	76	2079		300	1	1	661-0+7+10
329	843	53	1768		300	1	1	661-0+7+10
330	989	61	2038		300	1	1	661-0+7+10
331	1341	11	1926		300	1	1	661-0+7+10
332	854	15	2137		300	1	1	661-0+7+10
333	1620	14	2056		300	1	1	669-0+11+14
334	1318	-7	1978		300	1	1	669-1+11+14
335	629	0	1903		300	1	1	669-0+11+14|670-0+21+24
336	564	0	1769		300	1	1	702-0+17+20+20+27+30+50|661-0+7+10++++50
337	422	-27	2100		300	2	2	702-0+17+20++++50|661-0+7+10++++50
338	1604	-16	1598		300	1	1	702-0+17+20+20+27+30+10|504-0+13+16++++90
339	1544	-30	2128		300	1	1	173-0+12+15
340	259	-1	2006		300	1	1	014-0+9+12
341	262	-1	2005		300	1	1	015-0+12+15
342	918	76	1921		300	1	1	023-0+13+16
343	501	-49	2048		300	1	1	664-6+7+10|666-6+14+17
344	502	-49	2048		300	1	1	665-6+11+14
346	662	9	1725		300	1	1	662-0+19+22
347	1444	2	1979		300	1	1	663-0+37+40
349	490	-49	1899		300	1	1	063-0+19+22
350	1393	76	2052		300	1	2	092-0+16+19+++++夜
351	609	76	1993		300	2	3	092-0+16+19+++++夜
352	902	2	1803		300	1	1	092-0+16+19+++++夜
353	886	11	1866		300	1	1	092-0+16+19+++++夜
354	1393	76	2048		300	1	1	093-0+27+30+++++夜
355	599	76	1982		300	1	1	093-0+27+30+++++夜
356	1157	42	1987		300	1	1	684-0+18+21+++++日
357	1523	75	2171		300	1	1	684-0+18+21++++50+日|682-0+18+21++++50+日
358	557	64	2000		300	1	1	684-0+18+21++++50+日|682-0+18+21++++50+日
359	1018	54	1961	1	300	1	1	684-0+28+31+100+28+31
360	607	97	1575		300	1	1	704-0+35+39+20+45+49+95++阴|705-0+42+44+20+52+54+5++阴
361	746	95	1565		300	1	1	704-0+35+39+20+45+49+95++阴|705-0+42+44+20+52+54+5++阴
362	1302	-16	2108		300	1	1	701-0+23+26+20+33+36+50|016-0+7+10++++50
363	783	-21	1983		300	1	1	333-0+17+20++++10++晴|661-0+7+10++++90++晴
364	755	76	1019		300	1	1	013-0+7+9
365	666	76	962		300	1	1	013-0+7+9
366	729	76	951		300	3	3	013-0+7+9
367	919	75	1238		300	1	2	013-0+7+9
368	1299	-26	1537		300	1	1	013-0+7+9
369	602	47	902		300	1	1	016-0+7+9
370	349	47	1206		300	1	1	016-0+7+9
371	561	71	1488		300	1	1	016-0+7+9
372	860	72	1586		300	1	1	016-0+7+9
373	483	-33	1281		300	1	2	069-0+11+13
374	455	-34	1234		300	1	2	069-0+11+13
375	493	-33	1247		300	1	2	069-0+11+13
376	1130	75	1330		300	1	1	167-0+12+14
377	1421	16	1679		300	1	2	406-0+12+14
378	1087	-18	1380		300	1	1	406-0+12+14
379	621	7	1410		300	1	2	406-0+12+14
380	461	74	1336		300	1	1	504-0+13+15
381	687	69	1184		300	1	1	504-0+13+15
382	838	72	931		300	1	1	568-0+13+15
383	1179	76	1442		300	2	2	568-0+13+15
384	1646	-22	1690		300	2	2	661-0+7+9
385	1390	15	1650		300	1	1	661-0+7+9
386	1006	-15	1403		300	1	1	661-0+7+9
387	1300	13	1171		300	1	1	669-0+11+13
388	1001	-16	1484		300	1	1	669-3+11+13
389	734	-20	1188		300	1	1	669-2+11+13
390	891	-24	1033		300	1	1	702-0+17+19+20+27+29+50|661-0+7+9++++50
391	1225	-34	1342		300	1	1	702-0+17+19+20+27+29+50|661-0+7+9++++50
392	250	76	1346		300	1	1	702-0+17+20++++70|587-0+19+22++++30
393	716	76	942	1	300	1	1	014-0+19+21+100+19+21
394	1313	-26	1538		300	1	1	015-0+12+14
395	1429	15	1720		300	1	2	023-0+13+15
396	489	-1	1368		300	1	1	659-0+13+15
397	486	-1	1405		300	1	1	659-0+13+15
398	875	74	1462		300	2	3	659-0+13+15++++50|427-0+16+18++++50
400	945	-24	1112		300	1	1	063-0+19+21
401	831	-2	1250		300	1	2	353-0+20+22+++++夜
402	1159	-33	1394		300	1	1	092-0+16+18+++++夜
403	1194	-15	1471		300	1	1	092-0+16+18+++++夜
404	1431	-26	1386		300	1	1	092-0+16+18+++++夜
405	1133	-16	1471		300	1	2	092-0+16+18+++++夜
406	1027	-17	1460		300	1	2	092-0+16+18+++++夜
407	846	-53	1391		300	1	1	359-0+18+20+20+28+30
408	899	76	1154		300	1	1	280-0+12+14+20+22+24
409	956	76	1240		300	1	1	280-0+12+14+20+22+24
410	835	59	1458		300	1	1	511-0+15+17++++33.33|513-0+15+17++++33.33|515-0+15+17++++33.33
411	1351	-6	1238		300	1	1	684-0+18+20
412	962	-2	1321		300	1	1	133-0+16+18+++++日+晴
413	605	1	970		300	1	1	133-0+16+18+++++日+晴
414	705	-19	1003		300	1	1	303-0+20+22++++50+夜|092-0+16+18++++50+夜
415	1042	-24	841		300	1	1	447-0+17+19+20+27+29++日+晴
416	445	-33	1266		300	1	1	147-0+28+29+20+38+39+95|148-0+32+33+20+42+43+5
417	767	9	1101		300	1	1	701-0+23+25+20+33+35+10|661-0+7+9++++90
418	652	-19	1159		300	1	1	587-0+19+21
419	807	6	1508		300	1	1	587-0+19+21
420	1561	6	1704		300	1	1	246-0+22+24+20+32+34
421	565	-33	1070		300	1	1	333-0+17+19++++10++晴|661-0+7+9++++90++晴
422	1171	75	539		300	1	2	013-0+5+8
423	2554	76	746		300	1	1	013-0+5+8
424	2046	75	464		300	1	1	013-0+5+8|014-0+7+10
425	2010	46	1543		300	1	1	016-0+5+8
426	1860	47	1262		300	1	1	016-0+5+8
427	1752	53	916		300	1	1	016-0+5+8
428	1750	3	661		300	3	3	016-0+5+8
429	1417	-4	962		300	3	3	016-0+5+8
430	1688	7	646		300	1	1	069-0+9+12
431	1708	7	637		300	1	1	069-0+9+12
432	1964	-3	1482		300	1	2	406-0+10+13
433	1779	4	989		300	1	2	406-0+10+13
434	1341	-16	934		300	1	1	406-0+10+13
435	1923	-21	853		300	1	2	406-0+10+13
436	1445	15	559		300	1	2	406-0+10+13
437	1932	6	1360		300	1	2	504-0+11+14
438	1896	15	1341		300	1	1	504-0+11+14
439	1594	60	1220		300	1	1	504-0+11+14
440	1396	76	722		300	1	1	568-0+11+14
441	1425	76	457		300	1	1	568-0+11+14
442	1114	47	407		300	1	1	661-0+5+8
443	1000	46	527		300	1	1	661-0+5+8
444	1054	-11	550		300	1	1	661-0+5+8
445	1902	56	603		300	1	1	661-0+5+8
446	1208	2	485		300	1	1	661-0+5+8
447	1232	2	471		300	1	1	661-0+5+8
448	1892	-28	736		300	1	1	661-0+5+8
449	1691	75	1100		300	1	2	661-0+5+8
450	1704	70	1212		300	2	2	661-0+5+8
451	1738	60	1107		300	2	2	661-0+5+8
452	1850	0	635		300	1	1	669-0+9+12
453	1795	0	635		300	1	1	669-1+9+12
454	1173	75	541		300	1	1	014-0+7+10
455	2555	75	745		300	1	1	014-0+7+10
457	1314	-30	723		300	1	1	017-0+18+21
458	1802	-18	841		300	1	1	017-0+18+21
459	1503	16	715		300	1	1	018-0+36+39
460	1213	2	729		300	1	2	023-0+11+14
461	1740	4	1271		300	1	2	664-6+5+8
462	1799	4	1227		300	1	2	664-6+5+8
463	1774	4	1000		300	1	2	666-6+12+15
464	1317	-31	393		300	1	1	662-0+17+20
465	1558	70	393		300	1	1	677-0+12+15
466	1653	63	395		300	1	1	677-0+12+15
467	1360	16	517		300	1	1	677-0+12+15
468	2230	0	1470		300	1	1	280-0+10+13+20+20+23
469	1759	76	1651		300	1	1	511-0+13+16++++33.33|513-0+13+16++++33.33|515-0+13+16++++33.33
470	1475	76	1259		300	1	1	511-0+13+16++++33.33|513-0+13+16++++33.33|515-0+13+16++++33.33
471	1052	76	674		300	1	1	511-0+13+16++++33.33|513-0+13+16++++33.33|515-0+13+16++++33.33
472	1969	-2	533		300	2	2	511-0+13+16++++33.33|513-0+13+16++++33.33|515-0+13+16++++33.33
473	1945	-2	536		300	1	1	511-0+13+16++++33.33|513-0+13+16++++33.33|515-0+13+16++++33.33
474	1968	-2	536	1	300	1	1	511-0+23+26+100+23+26+33.33|513-0+23+26+100+23+26+33.33|515-0+23+26+100+23+26+33.33
475	1450	15	561		300	1	1	682-0+16+19
476	1397	15	649		300	1	1	682-0+16+19
477	1634	15	801		300	1	1	682-0+16+19
478	1550	-2	358	1	300	1	1	682-0+26+29+100+26+29
479	1675	66	1090		300	2	2	684-0+16+19++++35.71|682-0+16+19++++14.29
480	1700	76	1214		300	2	2	684-0+16+19++++35.71|682-0+16+19++++14.29
481	1436	-3	1087		300	1	1	303-0+18+21++++50+夜|353-0+18+21++++50+夜
482	1607	15	952		300	1	1	447-0+15+18+20+25+28++日+晴
483	1770	4	1006		300	1	1	704-0+35+39+20+45+49+95++阴|705-0+40+42+20+50+52+5++阴
484	1536	-4	1048		300	1	1	701-0+21+24+20+31+34+50|016-0+5+8++++50
485	1261	-15	692		300	1	1	701-0+21+24+20+31+34+10|016-0+5+8++++90
486	1672	-16	1119		300	2	2	587-0+17+20
487	1630	-6	1316		300	1	1	587-0+17+20
488	1230	76	707		300	2	2	559-0+20+23+++++夜|559-0+20+23++++66.67+夜|560-0+40+42++++33.33+夜
491	1934	-2	251		300	1	1	246-0+20+23+20+30+33
492	1985	6	1398		300	1	1	333-0+15+18++++10++晴|016-0+5+8++++90++晴
493	2224	36	1605		300	1	1	013-0+6+8|014-0+8+10
494	2158	36	1545		300	1	1	013-0+6+8|014-0+8+10
495	2345	36	1434		300	1	1	013-0+6+8
496	2164	46	902		300	1	1	016-0+6+8
497	2213	46	1737		300	1	1	016-0+6+8
498	2856	-26	441		300	1	1	069-0+10+12
499	2825	-26	467		300	1	1	069-0+10+12
500	2667	-26	553		300	1	1	406-0+11+13
501	2301	76	1697		300	1	1	406-0+11+13
502	2440	76	1507		300	1	1	406-0+11+13
503	2387	41	1382		300	1	2	504-0+12+14
504	2315	58	1323		300	1	2	504-0+12+14
505	2170	76	808		300	1	1	568-0+12+14
506	2312	3	976		300	3	3	661-0+6+8
507	2352	53	745		300	1	1	661-0+6+8
508	2625	54	744		300	1	1	661-0+6+8
509	2764	47	342		300	1	1	661-0+6+8
510	2493	53	385		300	1	1	661-0+6+8
511	2074	58	153		300	1	1	661-0+6+8
512	2303	47	216		300	1	1	661-0+6+8
513	2426	70	737		300	1	1	661-0+6+8
514	2393	13	952		300	1	1	669-3+10+12
515	2113	16	316		300	1	1	669-0+10+12
516	2518	72	186		300	1	1	669-0+10+12
517	2498	-23	298		300	2	2	669-0+10+12
518	2456	74	174		300	1	1	669-0+10+12
519	2404	16	318		300	1	1	702-0+16+18+20+26+28+50|659-0+12+14++++50
520	2484	-8	807		300	1	2	702-0+16+18+20+26+28+10|504-0+12+14++++90
521	1962	-21	639		300	1	1	173-0+11+13
524	2191	36	1575		300	1	1	015-0+11+13
525	2227	0	1671		300	1	1	017-0+19+21
526	2193	-3	1348		300	1	1	017-0+19+21
527	2942	76	596		300	3	3	023-0+12+14++++45.95|024-0+22+24++++8.11
528	2420	13	368		300	1	2	664-6+6+8
529	2420	16	271		300	1	2	664-6+6+8
530	2420	17	318		300	1	2	666-6+13+15
531	2191	31	1602		300	1	1	659-0+12+14
532	2316	6	264		300	1	1	662-0+18+20
533	2219	6	360		300	1	1	662-0+18+20
534	2786	3	884		300	1	1	677-0+13+15
535	2250	11	767		300	1	1	677-0+13+15
536	2500	-24	299		300	1	1	670-0+20+22
537	2231	-2	247		300	1	1	063-0+18+20
538	2415	-32	816		300	1	1	063-0+18+20
539	2962	76	554		300	1	1	092-0+15+17+++++夜
540	2990	-23	635		300	1	1	093-0+26+28+++++夜
541	2448	9	1043		300	1	1	359-0+17+19+20+27+29
542	2681	25	354		300	1	1	133-0+15+17+++++日+晴
543	2671	76	889		300	1	1	511-0+14+16++++33.33|513-0+14+16++++33.33|515-0+14+16++++33.33
544	3050	76	664		300	1	1	511-0+14+16++++33.33|513-0+14+16++++33.33|515-0+14+16++++33.33
545	2943	76	809		300	1	1	511-0+14+16++++33.33|513-0+14+16++++33.33|515-0+14+16++++33.33
546	2123	8	1472		300	1	1	682-0+17+19
547	2342	76	885		300	1	1	684-0+17+19++++50|682-0+17+19++++50
548	2388	15	1439		300	1	1	684-0+17+19
549	2283	5	866		300	1	1	684-0+17+19
550	2758	-17	678		300	1	1	147-0+28+29+20+38+39+95|148-0+31+32+20+41+42+5
551	2894	-14	691		300	1	1	704-0+35+39+20+45+49+95++阴|705-0+41+42+20+51+52+5++阴
552	2928	-23	468		300	1	1	333-0+16+18++++10++晴|661-0+6+8++++90++晴
553	2884	-23	567		300	1	1	333-0+16+18++++10++晴|661-0+6+8++++90++晴
554	2877	-23	587		300	1	1	333-0+16+18++++10++晴|661-0+6+8++++90++晴
555	2481	75	2409		300	1	1	013-0+5+8
556	3272	52	2798		300	1	1	013-0+5+8
557	3411	69	2656		300	1	1	013-0+5+8
558	3406	-6	3254		300	1	1	016-0+5+8
559	3204	3	3414		300	1	1	016-0+5+8
560	3244	7	3346		300	1	1	016-0+3+6
561	3347	52	2724		300	1	1	016-0+5+8+++++日
562	3659	88	2598		300	2	3	016-0+5+8
563	3170	9	2993		300	1	1	016-0+5+8
564	3197	9	2975		300	1	1	016-0+5+8
565	3214	7	3370		300	1	1	016-0+3+6
566	2620	75	2384		300	1	1	069-0+9+12+++++日
567	3028	4	3248		300	1	1	069-0+9+12
568	2992	4	3270		300	1	1	069-0+9+12
569	2502	17	2446		300	1	1	069-0+9+12
570	2530	17	2468		300	1	1	069-0+9+12
571	3116	98	2805		300	1	2	129-0+10+13
572	2979	99	3056		300	1	2	129-0+10+13
573	3693	71	2678		300	1	1	167-0+10+13
574	3544	52	2776		300	1	1	167-0+10+13
575	3605	71	2654		300	1	1	167-0+10+13
576	3590	55	2926		300	1	1	167-0+10+13
577	2853	-4	3003		300	1	1	406-0+10+13
578	2949	-15	2763		300	1	1	406-0+10+13
579	2936	-15	2727		300	1	1	406-0+10+13
580	2547	-2	2295		300	1	1	406-0+10+13
581	2553	-2	2311		300	1	1	406-0+10+13
582	2351	11	2277		300	1	1	504-0+11+14
583	2459	11	2279		300	1	1	504-0+11+14
584	2378	20	2323		300	1	1	504-0+11+14
585	2380	11	2237		300	1	1	504-0+11+14
586	2417	11	2335		300	1	1	504-0+11+14
587	2932	55	2787		300	2	2	504-0+11+14
588	2937	55	2775	1	300	1	1	504-0+21+24+100+21+24
589	3523	76	3044		300	1	1	568-0+11+14
590	3541	76	3026		300	1	1	568-0+11+14
591	3677	46	2901		300	1	1	661-0+5+8
592	3721	23	2750		300	1	1	661-0+5+8
593	3697	23	2793		300	1	1	661-0+5+8
594	3100	64	2429		300	1	1	661-0+5+8
595	2915	54	2383		300	1	1	661-0+5+8
596	2539	71	2257		300	1	1	661-0+5+8
597	3500	3	2873		300	1	1	661-0+5+8
598	3581	53	3318		300	1	1	661-0+5+8
599	2763	6	2347		300	1	1	661-0+5+8
600	2767	6	2365		300	1	1	661-0+5+8
601	2804	-4	2946		300	1	1	661-0+5+8
602	3283	30	2647		300	1	1	661-0+5+8
603	3155	35	3490		300	2	2	661-0+5+8
604	2921	-23	2669		300	1	1	661-0+5+8
605	2910	-61	2705		300	1	1	661-0+5+8
606	3331	7	3319		300	1	1	669-0+3+6
607	3315	7	3187		300	1	1	669-0+9+12
608	3033	56	2670		300	1	1	669-4+9+12
609	3053	56	2464		300	1	1	669-4+9+12
610	3245	11	2890		300	1	1	669-3+9+12
611	2901	-58	2733		300	1	1	702-0+15+18+20+25+28+50|661-0+5+8++++50
612	2905	-31	2524		300	1	1	173-0+10+13
613	2493	75	2414		300	1	1	014-0+7+10
614	3218	55	2890		300	1	1	664-6+5+8
615	3518	11	2891		300	1	1	664-6+5+8
616	3485	13	3097		300	1	1	659-0+11+14
617	3504	13	3077		300	1	1	659-0+11+14
618	2959	-22	2655		300	1	1	663-0+35+38
619	2982	56	2672		300	1	1	670-4+19+22
620	3096	56	2480		300	1	1	670-4+19+22
621	3053	76	3187		300	1	1	092-0+14+17+++++夜
622	3079	76	3164		300	1	1	092-0+14+17+++++夜
623	2653	76	2383		300	1	1	092-0+14+17+++++夜
624	2623	76	2420		300	1	1	092-0+14+17+++++夜
625	3729	14	2704		300	1	1	147-0+28+29+20+38+39+95|148-0+30+32+20+40+42+5
626	3408	51	2798		300	1	1	704-0+35+39+20+45+49+95++阴|705-0+40+42+20+50+52+5++阴
627	3449	70	2667		300	1	1	704-0+35+39+20+45+49+95++阴|705-0+40+42+20+50+52+5++阴
628	2551	75	2378		300	1	1	704-0+35+39+20+45+49+95++阴|705-0+40+42+20+50+52+5++阴
629	2720	-2	2352		300	1	1	701-0+21+24+20+31+34+50|016-0+5+8++++50
630	3024	6	3144		300	1	1	701-0+21+24+20+31+34+10|661-0+5+8++++90
631	3146	17	3459		300	1	1	587-0+17+20
632	2802	18	2572		300	1	1	333-0+15+17++++10++晴|016-0+5+8++++90++晴
633	2144	58	2472		300	1	1	013-0+5+7
634	2903	76	3549		300	1	1	013-0+5+7
635	2777	75	3236		300	1	1	016-0+5+7
636	2210	9	3164		300	1	1	016-0+5+7
637	2062	46	3858		300	1	1	016-0+3+5
638	2308	28	3259		300	1	1	016-0+5+7
639	2308	28	3218		300	1	1	016-0+5+7
640	2017	47	3826		300	1	1	016-0+5+7
641	2376	60	3194		300	1	1	016-0+5+7
642	2834	22	3681		300	1	1	016-0+3+5
643	3075	16	3540		300	1	1	016-0+5+7
644	2414	12	3671		300	1	1	069-0+9+11
645	2112	13	2428		300	1	1	069-0+9+11
646	2091	13	2418		300	1	1	069-0+9+11
647	2243	75	2861		300	1	1	129-0+10+12
648	2178	75	2881		300	1	1	129-0+10+12
649	2284	95	3450		300	1	1	129-0+10+12
650	2324	93	3604		300	1	1	167-0+10+12
651	2434	13	3515		300	1	1	167-0+10+12
652	2208	4	3687		300	1	1	406-0+10+12
653	2224	4	3685		300	1	1	406-0+10+12
654	2121	19	3004		300	1	1	406-0+10+12
655	2136	19	2975		300	1	1	406-0+10+12
656	2099	19	2984		300	1	1	406-0+10+12
657	2362	72	3622		300	1	1	504-0+11+13
658	2253	75	3193		300	1	1	504-0+11+13
659	2232	75	3179		300	1	1	504-0+11+13
660	2357	76	3618		300	1	1	504-0+11+13
661	2231	75	3639		300	1	1	568-0+11+13
662	2402	75	3560		300	1	1	568-0+11+13
663	2424	73	3236		300	1	1	568-0+11+13
664	2465	76	3214		300	1	1	568-0+11+13
665	2575	64	3144	1	300	1	1	568-0+21+23+100+21+23
666	2099	11	2735		300	1	1	661-0+5+7
667	2114	11	2743		300	1	1	661-0+5+7
668	2076	46	3286		300	1	1	661-0+5+7
669	2668	54	3271		300	1	1	661-0+5+7
670	2178	26	3523		300	1	1	661-0+5+7
671	2182	26	3527		300	1	1	661-0+5+7
672	2072	47	2848		300	1	1	661-0+5+7
673	2553	13	3296		300	1	1	661-0+5+7
674	2573	13	3264		300	1	1	661-0+5+7
675	2409	12	3609		300	1	1	661-0+5+7
676	2331	76	2435		300	2	3	661-0+5+7
677	2416	44	2975		300	1	1	661-0+5+7
678	2348	3	2918		300	1	1	661-0+5+7
679	2332	3	2895		300	1	1	661-0+5+7
680	2438	19	3398		300	1	1	661-0+5+7
681	2291	76	2382		300	2	3	661-0+5+7
682	2989	5	3442		300	2	2	661-0+5+7
683	2586	11	3590		300	1	1	669-0+4+6
684	2100	19	3047		300	1	1	669-0+9+11
685	2121	19	3053		300	1	1	669-0+9+11
686	2386	76	2524		300	1	1	669-1+9+11
687	2333	76	2435		300	1	1	669-1+9+11
688	2350	76	2466		300	1	1	669-0+9+11
689	2835	28	3230		300	1	1	669-0+9+11
690	2851	28	3217		300	1	1	669-0+9+11
691	2557	73	3553		300	1	1	014-0+7+7
692	2149	75	3629		300	1	1	014-0+7+9
693	2146	75	3626		300	1	1	014-0+7+9
694	2146	75	3623		300	1	1	014-0+7+9
695	2152	75	3626		300	1	1	014-0+7+9
696	2151	75	3623		300	1	1	014-0+7+9
697	2307	4	3326		300	1	1	015-0+10+12
698	2285	15	2563		300	1	1	017-0+18+20
699	2140	11	3354		300	1	1	664-6+5+7
700	2106	11	3390		300	1	1	664-6+5+7
701	2825	76	3283		300	1	1	664-6+5+7
702	2142	11	3362		300	1	1	665-6+9+11
703	2496	76	3525		300	1	1	659-0+3+5
704	2505	76	3584		300	1	1	659-0+3+5
705	2207	76	3053		300	1	1	659-0+11+13
706	2229	76	3068		300	1	1	659-0+11+13
707	2230	76	3040		300	1	1	659-0+11+13
708	2252	76	3055		300	1	1	659-0+11+13
709	2105	2	2674		300	1	1	662-0+17+19
710	2241	-4	2932		300	1	1	662-0+17+19
711	2196	-4	2953		300	1	1	663-0+35+37
712	2788	7	3319		300	1	1	677-0+12+14
713	2756	15	3310		300	1	1	677-0+12+14
714	2856	-33	3396		300	1	1	670-3+19+21
715	2873	-33	3421		300	1	1	670-3+19+21
716	2428	76	3283		300	4	4	670-0+19+21++++60|670-1+19+21++++10|670-2+19+21++++10|670-3+19+21++++10|670-4+19+21++++10
717	2662	2	3750		300	1	1	063-0+5+7
718	2425	23	3147		300	1	1	353-0+18+20+++++夜
719	2484	5	3016		300	1	1	353-0+18+20+++++夜
720	2607	22	3061		300	1	1	092-0+14+16+++++夜
721	2561	21	3254		300	1	1	092-0+14+16+++++夜
722	2213	76	2989		300	1	1	280-0+10+12+20+20+22
723	2296	93	3547		300	1	1	133-0+14+16+++++日+晴
724	2315	12	3679		300	1	1	303-0+18+20++++50+夜|092-0+14+16++++50+夜
725	2813	8	3434		300	1	1	447-0+15+17+20+25+27++日+晴
726	2691	96	3204		300	1	1	704-0+35+39+20+45+49+95++阴|705-0+40+41+20+50+51+5++阴
727	2591	11	3604		300	1	1	704-0+35+39+20+45+49+95++阴|705-0+40+41+20+50+51+5++阴
728	2229	91	3448		300	1	1	704-0+35+39+20+45+49+95++阴|705-0+40+41+20+50+51+5++阴
729	2122	11	3364		300	1	1	704-0+35+39+20+45+49+95++阴|705-0+40+41+20+50+51+5++阴
730	2206	76	2840		300	1	1	704-0+35+39+20+45+49+95++阴|705-0+40+41+20+50+51+5++阴
731	2113	12	3605		300	1	1	701-0+21+23+20+31+33+10|016-0+5+7++++90
732	2881	21	3283		300	1	1	587-0+17+19
733	2204	19	2796		300	1	1	246-0+20+22+20+30+32
734	2345	4	3464		300	1	1	333-0+15+17++++10++晴|661-0+5+7++++90++晴
735	2101	75	3564		300	2	3	427-0+15+17++++33.33|427-0+15+17++++66.67
736	2807	76	3579		300	1	1	016-0+14+16++++5.56+日|025-0+15+17++++1.39+日|133-0+15+17++++1.39+日|427-0+16+18++++5.56+日|504-0+15+17++++2.78+日|511-0+16+18++++2.78+日|513-0+16+18++++2.78+日|515-0+16+18++++2.78+日|587-0+17+19++++5.56+日|659-0+15+17++++5.56+日|661-0+14+16++++5.56+日|677-0+15+17++++5.56+日|702-0+17+19++++2.78+日|016-0+14+16++++11.11+夜|025-0+15+17++++2.78+夜|133-0+15+17++++2.78+夜|427-0+16+18++++11.11+夜|504-0+15+17++++5.56+夜|511-0+16+18++++5.56+夜|513-0+16+18++++5.56+夜|515-0+16+18++++5.56+夜|587-0+17+19++++11.11+夜|659-0+15+17++++11.11+夜|661-0+14+16++++11.11+夜|677-0+15+17++++11.11+夜|702-0+17+19++++5.56+夜
741	3074	76	3332		150	1	1	660-0+44+46+5+54+56+90|650-0+20+25+5+30+35+10
742	3128	76	3355		150	1	1	660-0+44+46+5+54+56+90|650-0+20+25+5+30+35+10
743	3121	76	3316		180	1	1	660-0+44+46+5+54+56+90|650-0+20+25+5+30+35+10
744	3208	56	3121		300	5	5	668-0+56+57+100+56+57++日|668-0+56+57+100+56+57++夜|668-0+44+47+5+54+57++日|668-0+44+47+5+54+57++夜
748	3147	0	3186	1	300	1	1	303-0+56+57+100+56+57
749	3214	56	3122		180	1	1	227-0+45+46+5+55+56
750	3087	8	3124		180	1	1	608-0+45+46+5+55+56++夜|707-0+44+46+5+54+56++日
751	3129	0	3137		180	1	1	608-0+45+46+5+55+56++夜
753	3132	0	3136		180	1	1	707-0+44+46+5+54+56++日
754	2674	76	3809		180	1	1	659-0+3+4+5+15+16|659-0+4+4
756	2452	76	3778		300	1	1	659-0+3+4+5+15+16
757	2732	76	3786		0	1	1	661-0+3+4+5+15+16|661-0+4+4
759	2481	76	3857		300	1	1	661-0+3+4+5+15+16
760	2451	76	3746		300	1	1	661-0+3+4+5+15+16
761	2368	76	3846		120	1	1	179-0+3+5+5+15+17+50
762	2344	76	3859		120	1	1	179-0+3+5+5+15+17+50
763	2208	24	3765		300	1	1	016-0+3+5+5+15+17
764	2384	-11	3764		300	1	1	016-0+3+5+5+15+17
765	2526	77	3805		120	1	1	664-6+3+4+5+15+16
766	2515	75	3840		120	1	1	664-6+3+4+5+15+16
767	2430	75	3805		120	1	1	013-0+3+4+5+15+16
768	2342	-12	3759		120	1	1	013-0+3+4+5+15+16
769	2181	75	3828		60	1	1	172-0+4+5+5+16+17
770	2118	24	3826	1	300	1	1	016-0+24+26+100+24+26
771	2389	-11	3773		30	1	1	179-0+11+11
772	2593	77	2553		300	1	1	406-0+5+6+5+17+18+50|504-0+5+7+5+17+19+50
773	2423	76	2625		300	1	1	406-0+5+6+5+17+18
774	2493	76	2912		300	1	1	406-0+5+6+5+17+18
775	2515	80	2844		300	1	1	129-0+5+7+5+17+19
776	2617	80	2651		300	1	1	129-0+5+7+5+17+19
777	2550	80	2859		300	1	1	129-0+5+7+5+17+19
778	2653	80	2663		300	1	1	129-0+5+7+5+17+19
779	2545	65	2743		300	1	1	504-0+5+7+5+17+19
780	2741	77	2673		300	1	1	504-0+5+7+5+17+19+50|688-0+5+7+5+17+19+50
781	2393	76	2834		300	1	1	504-0+5+7+5+17+19+50|688-0+5+7+5+17+19+50
782	2605	76	2768		180	1	1	688-0+6+8+5+18+20
783	2566	83	2594		180	1	1	129-0+5+7+5+17+19++日|120-0+5+7+5+17+19++夜
784	2450	83	2832		180	1	1	129-0+5+7+5+17+19++日|120-0+5+7+5+17+19++夜
785	2424	83	2753		180	1	1	129-0+5+7+5+17+19++日|120-0+5+7+5+17+19+50+夜|129-0+5+7+5+17+19+50+夜
786	2480	83	2625		180	1	1	129-0+5+7+5+17+19++日|120-0+5+7+5+17+19+50+夜|129-0+5+7+5+17+19+50+夜
787	2674	83	2845		180	1	1	129-0+5+7+5+17+19++日|120-0+5+7+5+17+19+50+夜|129-0+5+7+5+17+19+50+夜
788	2699	83	2759		180	1	1	129-0+5+7+5+17+19++日|120-0+5+7+5+17+19+50+夜|129-0+5+7+5+17+19+50+夜
795	2706	77	2856	1	300	1	1	129-0+30+32+100+30+32++日|120-0+30+32+100+30+32++夜
797	2359	77	2713		180	1	1	014-0+7+8+5+19+20
798	1680	81	3353	1	300	1	1	460-0+43+45+100+43+45
799	1799	80	3347		180	3	3	361-0+32+34+5+42+44
800	1853	81	3387		180	3	3	361-0+32+34+5+42+44
801	1711	81	3387		180	2	2	459-0+32+33+5+42+43
802	1830	81	3467		180	2	2	459-0+32+33+5+42+43
803	1807	81	3380		60	2	2	582-0+35+36+5+45+46
804	1555	96	3555		60	1	1	582-0+35+36+5+45+46
805	1778	81	3401		300	1	1	673-0+32+34+5+42+44
806	1852	82	3266		300	1	1	673-0+32+34+5+42+44
807	1737	96	3480		300	1	1	712-0+32+33+5+42+43
808	1539	96	3517		300	1	1	712-0+32+33+5+42+43
809	1589	96	3492	1	300	1	1	713-0+54+56+100+54+56
810	1693	78	3277		180	1	1	066-0+32+33+5+42+43
811	1714	78	3287		180	1	1	066-0+32+33+5+42+43
812	1713	78	3264		180	1	1	067-0+34+35+5+44+45
813	1800	81	3315		120	1	1	225-0+32+35+5+42+45
814	1640	81	3342		120	1	1	225-0+32+35+5+42+45
815	1869	82	3541		120	1	1	225-0+32+35+5+42+45
816	632	70	2646		180	1	1	079-0+30+32+5+41+43+70|120-0+31+33+5+42+44+30
817	738	54	2621		180	1	1	079-0+30+32+5+41+43+70|120-0+31+33+5+42+44+30
818	746	53	2692		180	1	1	079-0+30+32+5+41+43+70|120-0+31+33+5+42+44+30
819	524	84	2766		180	3	3	318-0+30+31+5+41+42
820	681	84	2754		180	2	2	318-0+30+31+5+41+42
821	812	82	2678		60	2	2	602-0+31+32+5+42+43
822	489	76	2853		300	1	1	069-0+29+31+5+40+42
823	414	76	2732		300	1	1	069-0+29+31+5+40+42
824	518	76	2679		300	1	1	069-0+29+31+5+40+42
825	703	84	2714	1	300	1	1	319-0+41+43+100+41+43
826	670	0	2571		180	1	1	505-0+30+32+5+41+43
827	648	0	2591		180	1	1	505-0+30+32+5+41+43
828	390	-9	2688		180	1	1	505-0+30+32+5+41+43
829	450	-9	2682		180	1	1	505-0+30+32+5+41+43
830	797	-10	2667		180	1	1	505-0+30+32+5+41+43
831	798	-10	2635		180	1	1	505-0+30+32+5+41+43
832	814	-10	2690	1	300	1	1	505-0+41+43+100+41+43
833	566	-9	2832		300	1	1	024-0+31+33+5+42+44
834	492	0	2905		300	1	1	024-0+31+33+5+42+44
835	457	0	2897		300	1	1	024-0+31+33+5+42+44
836	593	-18	2712	1	300	1	1	024-0+50+52+100+50+52
837	449	76	2794		180	1	1	079-0+30+32+5+41+43
838	460	76	2829		180	1	1	079-0+30+32+5+41+43
839	1562	-1	2274		300	1	2	016-0+11+13+5+23+25
840	1725	1	2349		300	2	2	016-0+11+13+5+23+25
841	1733	61	2489		300	2	2	016-0+11+13+5+23+25
842	1714	23	2664		300	2	2	017-0+18+20+5+30+32
843	1596	-2	2335		180	3	3	063-0+12+14+5+24+26
844	1818	14	2695		300	2	2	063-0+12+14+5+24+26
845	1714	89	2297		300	1	2	069-0+11+13+5+23+25
846	1663	75	2482		300	1	1	069-0+11+13+5+23+25
847	1800	76	2455		300	1	1	069-0+11+13+5+23+25
848	1539	67	2480		300	2	3	069-0+11+13+5+23+25+50|659-0+11+13+5+23+25+50
849	1749	76	2409	1	300	1	1	069-0+24+25+100+24+25
850	1925	16	2416		180	2	2	309-0+16+19+5+28+31
851	1737	70	2655		180	1	1	309-0+16+19+5+28+31
852	1783	96	2629		180	1	1	543-0+14+15+5+26+27
853	1890	94	2476		180	1	2	543-0+14+15+5+26+27
854	1889	102	2561		180	1	1	543-0+14+15+5+26+27
855	1533	68	2449		180	2	2	543-0+14+15+5+26+27
856	1852	104	2560	1	300	1	1	544-0+27+28+100+27+28
857	1852	26	2435		300	1	1	017-0+18+20+5+30+32
858	1770	31	2580		300	1	1	017-0+18+20+5+30+32
859	1540	69	2500	1	30	1	1	475-0+70+70+100+70+70
860	1516	75	2663		300	1	1	180-0+40+41+5+50+51
861	1633	75	2757		300	1	1	180-0+40+41+5+50+51
862	1581	75	2690	1	300	1	1	181-0+52+53+100+52+53
863	1520	82	2728		180	1	1	308-0+40+42+5+50+52+85+日|671-3+42+43+5+52+53+10+日|671-4+42+43+5+52+53+5+日|121-0+41+43+5+51+53+10+夜|689-0+41+43+5+51+53+90+夜
864	1566	82	2762		180	1	1	308-0+40+42+5+50+52+85+日|671-3+42+43+5+52+53+10+日|671-4+42+43+5+52+53+5+日|121-0+41+43+5+51+53+10+夜|689-0+41+43+5+51+53+90+夜
867	1492	67	2814		60	1	1	656-0+20+25+5+30+35
868	1411	82	2733		180	1	1	870-0+41+42+5+51+52
869	1603	82	2822		180	1	1	870-0+41+42+5+51+52
870	1379	82	2791		180	1	1	870-0+41+42+5+51+52
871	1387	82	2859		180	1	1	870-0+41+42+5+51+52
872	1483	82	2930		180	1	1	870-0+41+42+5+51+52
873	1551	82	2909		180	1	1	870-0+41+42+5+51+52
874	330	76	1821		180	2	2	530-0+38+39+5+48+49|530-0+48+49+100+48+49
876	386	57	1704		180	1	1	587-0+36+37+5+46+47
877	342	57	1809		180	1	2	587-0+36+37+5+46+47|694-0+37+38+5+47+48++日+晴
878	343	76	1682		180	1	1	304-0+28+30+5+38+40+65|305-0+38+39+5+48+49+35
879	442	76	1729		180	1	1	304-0+28+30+5+38+40+65|305-0+38+39+5+48+49+35
880	477	76	1739		180	1	1	304-0+28+30+5+38+40+65|305-0+38+39+5+48+49+35
881	301	76	1605		180	1	1	304-0+28+30+5+38+40+65|305-0+38+39+5+48+49+35
882	400	76	1706		180	1	1	304-0+28+30+5+38+40+65|305-0+38+39+5+48+49+35
883	409	76	1859		180	1	1	529-0+28+30+5+38+40+70|095-0+37+39+5+47+49+30
884	249	76	1805		180	1	1	529-0+28+30+5+38+40+70|095-0+37+39+5+47+49+30
885	285	76	1929		180	1	1	529-0+28+30+5+38+40+70|095-0+37+39+5+47+49+30
886	329	76	1688		180	1	1	529-0+28+30+5+38+40+70|095-0+37+39+5+47+49+30
887	299	76	1616		180	1	1	529-0+28+30+5+38+40+70|095-0+37+39+5+47+49+30
888	454	76	1734		180	1	1	529-0+28+30+5+38+40+70|095-0+37+39+5+47+49+30
890	612	-9	2382		60	1	1	064-0+28+30+5+39+41
891	645	-9	2380		60	1	1	064-0+28+30+5+39+41
892	538	70	2254		60	1	1	064-0+28+30+5+39+41
893	347	71	2423		180	1	1	302-0+28+30+5+39+41
894	324	71	2285		180	1	1	302-0+28+30+5+39+41
895	616	71	2340		180	1	1	302-0+28+30+5+39+41
896	636	70	2279		180	1	1	302-0+28+30+5+39+41
897	334	76	2139		180	1	1	303-0+27+29+5+38+40
898	311	-18	2515		180	1	1	303-0+27+29+5+38+40
899	348	-18	2474		180	1	1	303-0+27+29+5+38+40
900	391	-18	2491		180	1	1	303-0+27+29+5+38+40
901	376	15	2350		300	1	1	662-0+27+30+5+38+41+75+日|677-0+27+29+5+38+40+25+日
902	364	15	2278		300	1	1	662-0+27+30+5+38+41+75+日|677-0+27+29+5+38+40+25+日
903	422	15	2248		300	1	1	662-0+27+30+5+38+41+75+日|677-0+27+29+5+38+40+25+日
904	375	15	2348		300	1	1	677-0+27+29+5+38+40+75+夜|662-0+27+30+5+38+41+25+夜
905	367	15	2277		300	1	1	677-0+27+29+5+38+40+75+夜|662-0+27+30+5+38+41+25+夜
906	425	15	2248		300	1	1	677-0+27+29+5+38+40+75+夜|662-0+27+30+5+38+41+25+夜
907	458	6	2303	1	300	1	1	678-0+41+42+100+41+42++夜|678-1+41+42+100+41+42++日
909	564	-10	2307		60	2	2	703-0+28+30+5+39+41
910	285	-18	2368		60	2	2	703-0+28+30+5+39+41
911	664	-25	2230		60	2	2	703-0+28+30+5+39+41
912	272	-27	2221	1	300	1	1	310-0+40+41+100+40+41
913	350	-18	2489	1	30	1	1	675-0+70+70+100+70+70
914	830	-1	776		180	2	3	333-0+44+45+5+54+55++日|714-0+44+45+5+54+55++夜
915	827	-1	777		180	1	1	334-0+46+47+5+56+57++日|715-0+48+49+5+58+59++夜
916	792	76	736		180	2	3	371-0+44+45+5+54+55
917	765	75	709	1	300	1	1	373-0+61+62+100+61+62
918	896	76	804	1	300	1	1	428-0+55+56+100+55+56
919	843	-27	691		60	1	1	653-0+20+25+5+30+35
922	1171	39	1762	1	300	1	1	662-0+32+33+100+32+33
923	1135	75	1636		180	1	2	014-0+19+20+5+30+31+50|670-0+20+21+5+31+32+45|670-2+20+22+5+31+33+5
924	1069	75	1842		180	1	2	014-0+19+20+5+30+31+50|670-0+20+21+5+31+32+45|670-2+20+22+5+31+33+5
925	1172	76	1761		180	2	2	315-0+20+22+5+31+33+50|582-0+19+21+5+30+32+50|449-0+20+22+5+31+33+90+日|531-0+20+22+5+31+33+10+日|353-0+20+22+5+31+33+90+夜|531-0+20+22+5+31+33+10+夜
926	1244	75	1839		180	1	1	582-0+19+21+5+30+32
927	1173	75	1669		180	1	1	582-0+19+21+5+30+32
931	1620	76	284		180	2	2	123-0+37+39+5+47+49++夜
932	1692	76	261		180	2	2	127-0+36+38+5+46+48++日|127-0+36+38+5+46+48++夜
934	1507	76	232		300	1	1	666-6+36+37+5+46+47++日
935	1573	76	210		300	1	1	666-6+36+37+5+46+47++日
936	1659	76	189		300	2	2	666-6+36+37+5+46+47++日
937	1749	76	176		300	1	1	666-6+36+37+5+46+47++日
938	1531	76	301		180	2	2	214-0+36+38+5+46+48++日|214-0+36+38+5+46+48++夜
940	1598	76	296		300	1	1	070-0+36+37+5+46+47++日|070-0+46+47+100+46+47++日
942	1650	76	196		180	3	3	708-0+36+37+5+46+47++夜
943	1650	76	195	1	300	1	1	709-0+47+48+100+47+48++夜
944	2175	76	534		240	1	1	167-0+7+8+5+19+20
945	2172	76	609		240	1	1	167-0+7+8+5+19+20
946	2241	76	546		240	1	1	167-0+7+8+5+19+20
947	2509	76	636		240	1	1	167-0+7+8+5+19+20
948	2345	76	493		240	1	1	167-0+7+8+5+19+20++日
949	2391	76	475		240	1	1	167-0+7+8+5+19+20++日
950	2314	76	650	1	300	1	1	167-0+20+21+100+20+21
951	2314	76	656		300	2	3	167-0+7+8+5+19+20
953	2189	76	456		240	1	1	665-6+9+10+5+21+22+20+日|023-0+8+10+5+20+22+80+日
954	2261	76	635		240	1	1	665-6+9+10+5+21+22+20+日|023-0+8+10+5+20+22+80+日
955	2409	76	664		60	1	1	665-6+9+10+5+21+22+20+日|023-0+8+10+5+20+22+80+日|092-0+9+10+5+21+22+80+夜|679-0+10+11+5+22+23+20+夜
956	2140	76	671		240	1	1	665-6+9+10+5+21+22+20+日|023-0+8+10+5+20+22+80+日
957	2189	76	515		60	1	1	092-0+9+10+5+21+22+80+夜|679-0+10+11+5+22+23+20+夜
958	2311	76	491		60	1	1	092-0+9+10+5+21+22+80+夜|679-0+10+11+5+22+23+20+夜
959	2552	76	674		60	1	1	092-0+9+10+5+21+22+80+夜|679-0+10+11+5+22+23+20+夜
960	2209	76	654		60	1	1	092-0+9+10+5+21+22+80+夜|679-0+10+11+5+22+23+20+夜
962	2140	76	656		60	1	1	092-0+9+10+5+21+22+80+夜|679-0+10+11+5+22+23+20+夜
963	2210	76	573		60	1	1	092-0+9+10+5+21+22+80+夜|679-0+10+11+5+22+23+20+夜
964	2117	76	451		300	1	1	665-6+9+10+5+21+22++日
965	2316	76	584		120	1	1	092-0+9+10+5+21+22++日
966	2446	76	636		120	1	1	092-0+9+10+5+21+22++日
967	2289	76	504		120	1	1	092-0+9+10+5+21+22++日
968	2212	76	596		120	1	1	092-0+9+10+5+21+22++日
969	2185	76	514		120	1	1	092-0+9+10+5+21+22++日
970	2130	76	487		120	1	1	504-0+8+9+5+20+21++夜
971	2300	76	516		120	1	1	504-0+8+9+5+20+21++夜
972	2372	74	506		120	1	1	504-0+8+9+5+20+21++夜
973	2437	74	603		120	1	1	504-0+8+9+5+20+21++夜
974	2149	76	1169		180	1	1	025-0+6+8+5+18+20
975	2153	76	1220		180	1	1	025-0+6+8+5+18+20
976	2107	76	1234		180	1	1	025-0+6+8+5+18+20
977	2006	76	979		180	1	1	667-0+6+8+5+18+20
978	1940	71	1110	1	300	1	1	667-0+23+24+100+23+24
979	2025	76	1092		180	1	1	669-0+5+7+5+17+19
980	2022	76	1126		180	1	1	669-0+5+7+5+17+19
981	2168	76	1111		180	1	1	669-0+5+7+5+17+19
982	2006	76	1240		180	1	1	672-0+6+8+5+18+20
983	2086	76	1010		180	1	1	677-0+7+8+5+19+20
984	2137	76	994		180	1	1	677-0+7+8+5+19+20
985	1930	-35	1110	1	300	1	1	661-0+30+31+100+30+31
986	1985	76	1021		180	1	1	667-0+6+8+5+18+20+85|674-0+7+8+5+19+20+15
987	1924	76	1018		180	1	1	667-0+6+8+5+18+20+85|674-0+7+8+5+19+20+15
988	1986	75	1200		180	1	1	672-0+6+8+5+18+20+85|674-0+7+8+5+19+20+15
989	1925	76	1202		180	1	1	672-0+6+8+5+18+20+85|674-0+7+8+5+19+20+15
990	2046	76	1110	1	30	1	1	208-0+70+70+100+70+70
991	3224	-8	721		120	2	3	246-0+40+43+5+50+53
992	3311	76	776		300	1	1	545-0+42+43+5+52+53++日
993	3306	76	831		180	1	1	544-0+40+41+5+50+51++日
994	3328	75	785		180	1	1	544-0+40+41+5+50+51++日
995	3265	75	763		180	1	1	015-0+41+42+5+51+52++日
996	3284	75	739		180	1	1	015-0+41+42+5+51+52++日
997	3290	75	744	1	300	1	1	015-0+51+52+100+51+52++日
998	3344	76	790		180	1	1	093-0+40+41+5+50+51+50+夜|709-0+40+41++++50+夜
999	3269	76	756		180	1	1	093-0+40+41+5+50+51+50+夜|709-0+40+41++++50+夜
1000	3296	75	757	1	180	1	1	354-0+52+53+100+52+53++夜
1001	3376	76	719		180	1	1	710-0+42+43+5+52+53+45+日|710-1+42+43+5+52+53+5+日|710-2+42+43+5+52+53+45+夜|710-3+42+43+5+52+53+5+夜
1002	3327	75	672		180	1	1	710-0+42+43+5+52+53+45+日|710-1+42+43+5+52+53+5+日|710-2+42+43+5+52+53+45+夜|710-3+42+43+5+52+53+5+夜
1003	3377	76	745		180	1	1	710-0+42+43+5+52+53+45+日|710-1+42+43+5+52+53+5+日|710-2+42+43+5+52+53+45+夜|710-3+42+43+5+52+53+5+夜
1004	3309	76	685		180	1	1	710-0+42+43+5+52+53+45+日|710-1+42+43+5+52+53+5+日|710-2+42+43+5+52+53+45+夜|710-3+42+43+5+52+53+5+夜
1005	3285	76	611		180	1	1	710-0+42+43+5+52+53+45+日|710-1+42+43+5+52+53+5+日|710-2+42+43+5+52+53+45+夜|710-3+42+43+5+52+53+5+夜
1006	3458	76	787		180	1	1	710-0+42+43+5+52+53+45+日|710-1+42+43+5+52+53+5+日|710-2+42+43+5+52+53+45+夜|710-3+42+43+5+52+53+5+夜
1007	3429	76	814		180	1	1	710-0+42+43+5+52+53+45+日|710-1+42+43+5+52+53+5+日|710-2+42+43+5+52+53+45+夜|710-3+42+43+5+52+53+5+夜
1008	3305	76	821		180	1	1	353-0+40+41+5+50+51++夜
1009	3292	76	728		180	1	1	353-0+40+41+5+50+51++夜
1010	3342	76	703	1	300	1	1	711-0+52+53+100+52+53
1011	3240	55	1164		240	1	1	115-0+50+51+5+60+61+20|531-0+50+51+5+60+61+20|676-0+48+51+5+58+61+60
1012	3293	53	1153		240	1	1	115-0+50+51+5+60+61+20|531-0+50+51+5+60+61+20|676-0+48+51+5+58+61+60
1013	3292	43	1236		240	1	1	115-0+50+51+5+60+61+20|531-0+50+51+5+60+61+20|676-0+48+51+5+58+61+60
1014	3394	45	1197		240	1	1	115-0+50+51+5+60+61+20|531-0+50+51+5+60+61+20|676-0+48+51+5+58+61+60
1015	3279	41	1306		240	1	1	115-0+50+51+5+60+61+20|531-0+50+51+5+60+61+20|676-0+48+51+5+58+61+60
1016	3423	38	1270		240	1	1	115-0+50+51+5+60+61+20|531-0+50+51+5+60+61+20|676-0+48+51+5+58+61+60
1017	3383	36	1408		240	1	1	115-0+50+51+5+60+61+20|531-0+50+51+5+60+61+20|676-0+48+51+5+58+61+60
1018	3472	43	1317		240	1	1	115-0+50+51+5+60+61+20|531-0+50+51+5+60+61+20|676-0+48+51+5+58+61+60
1019	3489	42	1380		240	1	1	115-0+50+51+5+60+61+20|531-0+50+51+5+60+61+20|676-0+48+51+5+58+61+60
1020	3435	36	1372		240	1	1	115-0+50+51+5+60+61+20|531-0+50+51+5+60+61+20|676-0+48+51+5+58+61+60
1021	3367	53	1137		240	1	1	115-0+50+51+5+60+61
1022	3376	29	1303		300	1	1	780-0+49+51+5+59+61++日|676-0+58+61+100+58+61++日
1024	3338	36	1220		240	1	1	133-0+48+49+5+58+59
1025	3374	29	1296		240	3	4	035-0+48+50+5+58+60+33.33+夜|173-0+49+50+5+59+60+33.33+夜|035-0+58+60+100+58+60+33.33+夜
1026	3779	-18	2171		240	1	1	180-0+19+20+5+31+32
1027	3700	-17	2219		240	1	1	180-0+19+20+5+31+32
1028	3727	99	2418		300	1	1	129-0+17+20+5+29+32
1029	3743	99	2367		300	1	1	129-0+17+20+5+29+32
1030	3925	76	2049		240	1	1	228-0+17+18+5+29+30
1031	3881	76	2279		240	1	1	228-0+17+18+5+29+30
1032	3930	76	2199		240	1	1	228-0+17+18+5+29+30
1033	3935	76	2101	1	300	1	1	229-0+32+33+100+32+33
1034	3683	-45	2301		180	1	1	333-0+17+19+5+29+31
1035	3642	-45	2283		180	1	1	333-0+17+19+5+29+31
1036	3605	-45	2326		180	1	1	333-0+17+19+5+29+31
1037	3681	70	2400		180	1	1	427-0+17+18+5+29+30
1038	3686	70	2356		180	1	1	427-0+17+18+5+29+30
1039	3710	70	2308		180	1	1	427-0+17+18+5+29+30
1040	3822	75	2071		60	2	2	307-0+19+20+5+31+32++日
1041	3739	95	2281		300	1	1	688-0+19+20+5+31+32
1042	3796	95	2297		300	1	1	688-0+19+20+5+31+32
1043	3777	95	2258	1	300	1	1	688-0+32+34+100+32+34
1044	3834	15	1939	1	300	1	1	025-0+40+42+100+40+42
1045	3477	76	2362		180	1	1	079-0+30+31+5+40+41
1046	3378	76	2321		180	1	1	079-0+30+31+5+40+41
1047	3429	79	2343	1	300	1	1	080-0+42+44+100+42+44
1048	3524	98	2570		240	1	1	618-0+31+32+5+41+42
1049	3429	97	2552		240	1	1	618-0+31+32+5+41+42
1050	3358	98	2531		240	1	1	618-0+31+32+5+41+42
1051	3248	99	2524		240	1	1	618-0+31+32+5+41+42
1052	3347	98	2413		240	1	1	618-0+31+32+5+41+42
1053	3457	98	2461		240	1	1	618-0+31+32+5+41+42
1054	3554	98	2474		240	1	1	618-0+31+32+5+41+42
1055	3269	99	2347		240	1	1	618-0+31+32+5+41+42
1056	3386	88	2605		180	1	1	676-0+30+32+5+40+42
1057	3358	74	2306		180	1	1	676-0+30+32+5+40+42
1058	3352	80	2361		180	1	1	676-0+30+32+5+40+42
1059	3385	99	2495	1	300	1	1	693-0+42+44+100+42+44
1060	3544	99	2524		300	1	2	130-0+31+32+5+41+42+9|692-0+30+31+5+40+41+91
1061	3465	99	2511		300	1	2	130-0+31+32+5+41+42+9|692-0+30+31+5+40+41+91
1062	3259	99	2414		300	1	2	130-0+31+32+5+41+42+9|692-0+30+31+5+40+41+91
1063	3311	99	2461		180	1	1	686-0+31+33+5+41+43+30|692-0+30+31+5+40+41+70
1064	3201	87	2542		180	1	1	686-0+31+33+5+41+43+30|692-0+30+31+5+40+41+70
1065	2970	28	1667		180	1	1	066-0+24+26+5+35+37
1066	3001	28	1773		180	1	1	066-0+24+26+5+35+37
1067	2894	28	1742		180	1	1	066-0+24+26+5+35+37
1068	2949	28	1731		180	3	4	322-0+23+24+5+34+35
1069	2883	29	1742	1	300	1	1	323-0+39+40+100+39+40
1070	2954	29	1727		120	3	3	443-0+24+25+5+35+36+8|529-0+23+25+5+34+36+92|552-0+37+38+100+37+38+50|551-0+23+24+5+34+35+50|552-0+29+30+5+40+41+50
1075	1946	75	1901		150	1	1	306-0+54+55+5+63+64+30|560-0+54+56+5+63+65+35|569-0+53+55+5+62+64+35
1076	1896	75	1974		150	1	1	306-0+54+55+5+63+64+30|560-0+54+56+5+63+65+35|569-0+53+55+5+62+64+35
1077	2083	74	1887		150	1	1	001-0+53+54+5+62+63+15|152-0+54+55+5+63+64+15|407-0+53+54+5+62+63+35|282-0+53+54+5+62+63+35
1078	2209	74	1963		150	1	1	001-0+53+54+5+62+63+15|152-0+54+55+5+63+64+15|407-0+53+54+5+62+63+35|282-0+53+54+5+62+63+35
1079	1880	76	2107		150	1	1	004-0+53+54+5+62+63+15|498-0+54+55+5+63+64+15|450-0+54+55+5+63+64+35|448-0+54+55+5+63+64+35
1080	1967	71	2203		150	1	1	004-0+53+54+5+62+63+15|498-0+54+55+5+63+64+15|450-0+54+55+5+63+64+35|448-0+54+55+5+63+64+35
1081	2106	72	2215		150	1	1	687-0+54+55+5+63+64+50|691-0+53+54+5+62+63+50
1082	2173	72	2187		150	1	1	007-0+53+54+5+62+63+15|158-0+54+55+5+63+64+15|691-0+53+54+5+62+63+35|687-0+54+55+5+63+64+35
1083	2211	76	2083		150	1	1	007-0+53+54+5+62+63+15|158-0+54+55+5+63+64+15|691-0+53+54+5+62+63+15|687-0+54+55+5+63+64+15|407-0+53+54+5+62+63+20|282-0+53+54+5+62+63+20
1084	2017	80	2046	1	300	1	1	026-0+63+64+100+63+64+1.49|036-0+63+64+100+63+64+1.49|065-0+64+65+100+64+65+1.49|068-0+64+65+100+64+65+1.49|071-0+63+64+100+63+64+1.49|094-0+63+64+100+63+64+1.49|115-0+64+65+100+64+65+1.49|121-0+63+64+100+63+64+1.49|127-0+63+64+100+63+64+1.49|130-0+64+65+100+64+65+1.49|134-0+63+64+100+63+64+1.49|135-0+63+64+100+63+64+1.49|136-0+63+64+100+63+64+1.49|149-0+64+65+100+64+65+1.49|168-0+63+64+100+63+64+1.49|214-0+63+64+100+63+64+1.49|225-0+63+64+100+63+64+1.49|227-0+63+64+100+63+64+1.49|248-0+64+65+100+64+65+1.49|282-0+64+65+100+64+65+1.49|302-0+63+64+100+63+64+1.49|306-0+64+65+100+64+65+1.49|308-0+63+64+100+63+64+1.49|334-0+64+65+100+64+65+1.49|359-0+64+65+100+64+65+1.49|376-0+63+64+100+63+64+1.49|407-0+63+64+100+63+64+1.49|445-0+64+65+100+64+65+1.49|448-0+64+65+100+64+65+1.49|450-0+63+64+100+63+64+1.49|470-0+63+64+100+63+64+1.49|471-0+63+64+100+63+64+1.49|475-0+64+65+100+64+65+1.49|478-0+63+64+100+63+64+1.49|512-0+63+64+100+63+64+1.49|514-0+63+64+100+63+64+1.49|516-0+63+64+100+63+64+1.49|545-0+63+64+100+63+64+1.49|553-0+63+64+100+63+64+1.49|560-0+63+64+100+63+64+1.49|569-0+64+65+100+64+65+1.49|584-0+63+64+100+63+64+1.49|604-0+64+65+100+64+65+1.49|609-0+64+65+100+64+65+1.49|618-0+63+64+100+63+64+1.49|660-0+63+64+100+63+64+1.49|663-0+63+64+100+63+64+1.49|666-6+63+64+100+63+64+1.49|671-0+64+65+100+64+65+1.49|673-0+63+64+100+63+64+1.49|675-0+64+65+100+64+65+1.49|676-0+63+64+100+63+64+1.49|681-0+64+65+100+64+65+1.49|687-0+64+65+100+64+65+1.49|689-0+64+65+100+64+65+1.49|691-0+64+65+100+64+65+1.49|695-0+64+65+100+64+65+1.49|700-0+63+64+100+63+64+1.49|701-0+63+64+100+63+64+1.49|702-0+63+64+100+63+64+1.49|703-0+63+64+100+63+64+1.49|706-0+64+65+100+64+65+1.49|707-0+63+64+100+63+64+1.49|711-0+63+64+100+63+64+1.49|715-0+63+64+100+63+64+1.49|780-0+64+65+100+64+65+1.49|870-0+64+65+100+64+65+1.49
1085	2067	80	2046	1	300	1	1	026-0+63+64+100+63+64+1.49|036-0+63+64+100+63+64+1.49|065-0+64+65+100+64+65+1.49|068-0+64+65+100+64+65+1.49|071-0+63+64+100+63+64+1.49|094-0+63+64+100+63+64+1.49|115-0+64+65+100+64+65+1.49|121-0+63+64+100+63+64+1.49|127-0+63+64+100+63+64+1.49|130-0+64+65+100+64+65+1.49|134-0+63+64+100+63+64+1.49|135-0+63+64+100+63+64+1.49|136-0+63+64+100+63+64+1.49|149-0+64+65+100+64+65+1.49|168-0+63+64+100+63+64+1.49|214-0+63+64+100+63+64+1.49|225-0+63+64+100+63+64+1.49|227-0+63+64+100+63+64+1.49|248-0+64+65+100+64+65+1.49|282-0+64+65+100+64+65+1.49|302-0+63+64+100+63+64+1.49|306-0+64+65+100+64+65+1.49|308-0+63+64+100+63+64+1.49|334-0+64+65+100+64+65+1.49|359-0+64+65+100+64+65+1.49|376-0+63+64+100+63+64+1.49|407-0+63+64+100+63+64+1.49|445-0+64+65+100+64+65+1.49|448-0+64+65+100+64+65+1.49|450-0+63+64+100+63+64+1.49|470-0+63+64+100+63+64+1.49|471-0+63+64+100+63+64+1.49|475-0+64+65+100+64+65+1.49|478-0+63+64+100+63+64+1.49|512-0+63+64+100+63+64+1.49|514-0+63+64+100+63+64+1.49|516-0+63+64+100+63+64+1.49|545-0+63+64+100+63+64+1.49|553-0+63+64+100+63+64+1.49|560-0+63+64+100+63+64+1.49|569-0+64+65+100+64+65+1.49|584-0+63+64+100+63+64+1.49|604-0+64+65+100+64+65+1.49|609-0+64+65+100+64+65+1.49|618-0+63+64+100+63+64+1.49|660-0+63+64+100+63+64+1.49|663-0+63+64+100+63+64+1.49|666-6+63+64+100+63+64+1.49|671-0+64+65+100+64+65+1.49|673-0+63+64+100+63+64+1.49|675-0+64+65+100+64+65+1.49|676-0+63+64+100+63+64+1.49|681-0+64+65+100+64+65+1.49|687-0+64+65+100+64+65+1.49|689-0+64+65+100+64+65+1.49|691-0+64+65+100+64+65+1.49|695-0+64+65+100+64+65+1.49|700-0+63+64+100+63+64+1.49|701-0+63+64+100+63+64+1.49|702-0+63+64+100+63+64+1.49|703-0+63+64+100+63+64+1.49|706-0+64+65+100+64+65+1.49|707-0+63+64+100+63+64+1.49|711-0+63+64+100+63+64+1.49|715-0+63+64+100+63+64+1.49|780-0+64+65+100+64+65+1.49|870-0+64+65+100+64+65+1.49
